#42614805
43
S
S
O
O
O
O
O
O
N
N
N
C
C
C
C
C
C
C
C
C
C
C
C
C
C
C
H
H
H
H
H
H
H
H
H
H
H
H
H
H
H
H
H
44
3 0 2
4 0 2
11 0 1
12 0 1
2 1 1
5 1 1
6 1 2
7 1 2
13 2 1
42 5 1
9 8 2
18 8 1
20 9 1
22 10 1
40 10 1
41 10 1
13 11 1
26 11 1
27 11 1
14 12 2
15 12 1
28 13 1
29 13 1
16 14 1
30 14 1
17 15 2
31 15 1
18 16 2
32 16 1
18 17 1
33 17 1
20 19 2
21 19 1
25 19 1
23 20 1
22 21 2
34 21 1
24 22 1
24 23 2
35 23 1
36 24 1
37 25 1
38 25 1
39 25 1

#25077042
88
N
N
N
N
C
C
C
C
C
C
C
C
C
C
C
C
C
C
C
C
C
C
C
C
C
C
C
C
C
C
C
C
C
C
C
C
C
C
C
C
C
C
C
C
C
C
H
H
H
H
H
H
H
H
H
H
H
H
H
H
H
H
H
H
H
H
H
H
H
H
H
H
H
H
H
H
H
H
H
H
H
H
H
H
H
H
H
H
96
26 0 1
30 0 2
27 1 1
31 1 2
36 2 1
42 2 2
37 3 1
43 3 2
6 4 1
10 4 1
12 4 1
46 4 1
7 5 1
11 5 1
13 5 1
47 5 1
8 6 1
18 6 1
19 6 1
9 7 1
20 7 1
21 7 1
10 8 1
14 8 1
48 8 1
11 9 1
15 9 1
49 9 1
50 10 1
51 10 1
52 11 1
53 11 1
16 12 1
22 12 1
54 12 1
17 13 1
23 13 1
55 13 1
16 14 1
26 14 2
17 15 1
27 15 2
28 16 2
29 17 2
56 18 1
57 18 1
58 18 1
59 19 1
60 19 1
61 19 1
62 20 1
63 20 1
64 20 1
65 21 1
66 21 1
67 21 1
24 22 1
68 22 1
69 22 1
25 23 1
70 23 1
71 23 1
25 24 1
32 24 2
33 25 2
72 26 1
73 27 1
30 28 1
74 28 1
31 29 1
75 29 1
36 30 1
37 31 1
34 32 1
76 32 1
35 33 1
77 33 1
35 34 2
78 34 1
79 35 1
38 36 2
39 37 2
40 38 1
80 38 1
41 39 1
81 39 1
44 40 2
82 40 1
45 41 2
83 41 1
44 42 1
84 42 1
45 43 1
85 43 1
86 44 1
87 45 1

#25077041
88
N
N
N
N
C
C
C
C
C
C
C
C
C
C
C
C
C
C
C
C
C
C
C
C
C
C
C
C
C
C
C
C
C
C
C
C
C
C
C
C
C
C
C
C
C
C
H
H
H
H
H
H
H
H
H
H
H
H
H
H
H
H
H
H
H
H
H
H
H
H
H
H
H
H
H
H
H
H
H
H
H
H
H
H
H
H
H
H
96
24 0 1
31 0 2
25 1 1
32 1 2
36 2 1
42 2 2
37 3 1
43 3 2
6 4 1
8 4 1
18 4 1
19 4 1
7 5 1
9 5 1
20 5 1
21 5 1
10 6 1
12 6 1
46 6 1
11 7 1
13 7 1
47 7 1
10 8 1
14 8 1
48 8 1
11 9 1
15 9 1
49 9 1
50 10 1
51 10 1
52 11 1
53 11 1
16 12 1
22 12 1
54 12 1
17 13 1
23 13 1
55 13 1
16 14 1
24 14 2
17 15 1
25 15 2
26 16 2
27 17 2
56 18 1
57 18 1
58 18 1
59 19 1
60 19 1
61 19 1
62 20 1
63 20 1
64 20 1
65 21 1
66 21 1
67 21 1
28 22 1
68 22 1
69 22 1
29 23 1
70 23 1
71 23 1
72 24 1
73 25 1
31 26 1
74 26 1
32 27 1
75 27 1
30 28 2
33 28 1
30 29 1
34 29 2
76 30 1
36 31 1
37 32 1
35 33 2
77 33 1
35 34 1
78 34 1
79 35 1
38 36 2
39 37 2
40 38 1
80 38 1
41 39 1
81 39 1
44 40 2
82 40 1
45 41 2
83 41 1
44 42 1
84 42 1
45 43 1
85 43 1
86 44 1
87 45 1

#25077040
88
N
N
N
N
C
C
C
C
C
C
C
C
C
C
C
C
C
C
C
C
C
C
C
C
C
C
C
C
C
C
C
C
C
C
C
C
C
C
C
C
C
C
C
C
C
C
H
H
H
H
H
H
H
H
H
H
H
H
H
H
H
H
H
H
H
H
H
H
H
H
H
H
H
H
H
H
H
H
H
H
H
H
H
H
H
H
H
H
96
24 0 1
30 0 2
25 1 1
31 1 2
36 2 1
42 2 2
37 3 1
43 3 2
6 4 1
8 4 1
18 4 1
19 4 1
7 5 1
9 5 1
20 5 1
21 5 1
10 6 1
12 6 1
46 6 1
11 7 1
13 7 1
47 7 1
10 8 1
14 8 1
48 8 1
11 9 1
15 9 1
49 9 1
50 10 1
51 10 1
52 11 1
53 11 1
16 12 1
22 12 1
54 12 1
17 13 1
23 13 1
55 13 1
16 14 1
24 14 2
17 15 1
25 15 2
26 16 2
27 17 2
56 18 1
57 18 1
58 18 1
59 19 1
60 19 1
61 19 1
62 20 1
63 20 1
64 20 1
65 21 1
66 21 1
67 21 1
28 22 1
68 22 1
69 22 1
29 23 1
70 23 1
71 23 1
72 24 1
73 25 1
30 26 1
74 26 1
31 27 1
75 27 1
32 28 2
34 28 1
33 29 2
35 29 1
36 30 1
37 31 1
33 32 1
76 32 1
77 33 1
35 34 2
78 34 1
79 35 1
38 36 2
39 37 2
40 38 1
80 38 1
41 39 1
81 39 1
44 40 2
82 40 1
45 41 2
83 41 1
44 42 1
84 42 1
45 43 1
85 43 1
86 44 1
87 45 1

#24202623
42
S
O
O
O
N
C
C
C
C
C
C
C
C
C
C
C
C
C
C
C
C
C
C
H
H
H
H
H
H
H
H
H
H
H
H
H
H
H
H
H
H
H
43
1 0 2
4 0 2
5 0 1
6 0 1
21 2 1
22 2 1
21 3 2
9 4 1
7 5 2
8 5 1
23 6 1
24 6 1
25 6 1
11 7 1
26 7 1
12 8 2
27 8 1
13 9 1
14 9 2
11 10 2
12 10 1
15 10 1
28 11 1
29 12 1
16 13 2
19 13 1
17 14 1
30 14 1
31 15 1
32 15 1
33 15 1
18 16 1
34 16 1
18 17 2
35 17 1
36 18 1
20 19 2
37 19 1
21 20 1
38 20 1
39 22 1
40 22 1
41 22 1

#24202619
41
Cl
Cl
Cl
O
O
O
O
N
N
C
C
C
C
C
C
C
C
C
C
C
C
C
C
C
C
C
C
C
H
H
H
H
H
H
H
H
H
H
H
H
H
43
17 0 1
22 1 1
22 2 1
14 3 1
18 3 1
8 4 1
21 4 1
8 5 1
21 6 2
10 7 1
11 7 2
15 8 2
10 9 2
11 9 1
12 9 1
13 10 1
15 11 1
14 12 2
28 12 1
16 13 2
29 13 1
16 14 1
17 15 1
30 16 1
22 17 2
19 18 1
31 18 1
32 18 1
33 19 1
34 19 1
35 19 1
21 20 1
23 20 2
24 20 1
25 23 1
36 23 1
26 24 2
37 24 1
27 25 2
38 25 1
27 26 1
39 26 1
40 27 1

#24202595
52
O
O
O
O
N
N
N
N
N
N
N
C
C
C
C
C
C
C
C
C
C
C
C
C
C
C
C
C
C
C
C
H
H
H
H
H
H
H
H
H
H
H
H
H
H
H
H
H
H
H
H
H
56
25 0 2
26 1 2
27 2 2
30 3 1
51 3 1
11 4 1
12 4 1
15 4 1
13 5 1
14 5 1
16 5 1
15 6 2
17 6 1
17 7 1
20 7 1
43 7 1
18 8 1
20 8 1
44 8 1
23 9 1
28 9 1
29 9 1
24 10 1
28 10 2
13 11 1
31 11 1
32 11 1
14 12 1
33 12 1
34 12 1
35 13 1
36 13 1
37 14 1
38 14 1
19 15 1
39 16 1
40 16 1
41 16 1
18 17 2
22 18 1
22 19 2
42 19 1
21 20 2
25 21 1
26 21 1
45 22 1
24 23 2
27 23 1
25 24 1
27 26 1
30 28 1
46 29 1
47 29 1
48 29 1
49 30 1
50 30 1

#24202524
44
S
S
O
O
O
O
N
N
C
C
C
C
C
C
C
C
C
C
C
C
H
H
H
H
H
H
H
H
H
H
H
H
H
H
H
H
H
H
H
H
H
H
H
H
43
1 0 1
10 0 1
11 1 1
18 2 1
19 3 1
18 4 2
19 5 2
8 6 1
12 6 1
13 6 1
14 6 1
9 7 1
15 7 1
16 7 1
17 7 1
10 8 1
18 8 1
20 8 1
11 9 1
19 9 1
21 9 1
22 10 1
23 10 1
24 11 1
25 11 1
26 12 1
27 12 1
28 12 1
29 13 1
30 13 1
31 13 1
32 14 1
33 14 1
34 14 1
35 15 1
36 15 1
37 15 1
38 16 1
39 16 1
40 16 1
41 17 1
42 17 1
43 17 1

#24202520
60
O
O
O
O
O
O
O
N
C
C
C
C
C
C
C
C
C
C
C
C
C
C
C
C
C
C
C
C
C
C
C
C
C
C
C
C
C
C
C
H
H
H
H
H
H
H
H
H
H
H
H
H
H
H
H
H
H
H
H
H
66
8 0 1
9 0 1
15 1 1
29 1 1
22 2 1
34 2 1
22 3 2
23 4 1
50 4 1
25 5 2
28 6 2
11 7 1
16 7 1
42 7 1
9 8 1
10 8 1
11 8 1
12 9 1
13 9 1
14 10 1
17 10 1
39 10 1
19 11 1
40 11 1
15 12 1
20 12 1
41 12 1
16 13 1
18 13 2
15 14 2
22 14 1
21 16 2
43 17 1
44 17 1
45 17 1
23 18 1
46 18 1
26 19 3
27 20 3
24 21 1
25 21 1
24 23 2
28 24 1
30 25 1
32 26 1
33 27 1
31 28 1
47 29 1
48 29 1
49 29 1
31 30 1
35 30 2
36 31 2
33 32 2
51 32 1
52 33 1
53 34 1
54 34 1
55 34 1
37 35 1
56 35 1
38 36 1
57 36 1
38 37 2
58 37 1
59 38 1

#24202517
51
O
O
N
C
C
C
C
C
C
C
C
C
C
C
C
C
C
C
C
C
C
C
C
C
C
C
C
C
C
C
H
H
H
H
H
H
H
H
H
H
H
H
H
H
H
H
H
H
H
H
H
55
6 0 1
6 1 2
3 2 1
7 2 2
8 2 1
4 3 1
5 3 1
6 3 1
5 4 1
30 4 1
31 4 1
32 5 1
33 5 1
9 7 1
11 7 1
10 8 2
12 8 1
13 9 2
34 9 1
13 10 1
35 10 1
15 11 2
16 11 1
17 12 2
18 12 1
14 13 1
23 14 2
24 14 1
19 15 1
36 15 1
20 16 2
37 16 1
21 17 1
38 17 1
22 18 2
39 18 1
25 19 2
40 19 1
25 20 1
41 20 1
26 21 2
42 21 1
26 22 1
43 22 1
27 23 1
44 23 1
28 24 2
45 24 1
46 25 1
47 26 1
29 27 2
48 27 1
29 28 1
49 28 1
50 29 1